0 0.359562 0.587707 0.218845 0.186186
0 0.578236 0.465896 0.113593 0.115796
0 0.118794 0.412753 0.099060 0.084230
0 0.943839 0.630403 0.111586 0.182208
0 0.427252 0.372545 0.065660 0.061220
0 0.326819 0.376483 0.078446 0.066375
0 0.259748 0.342859 0.060802 0.066200
0 0.947899 0.409775 0.037029 0.043151
0 0.217656 0.329242 0.033520 0.047185
0 0.606261 0.400551 0.071397 0.069292
0 0.147168 0.336212 0.076963 0.056543
0 0.985327 0.509337 0.028240 0.074136
0 0.523403 0.367201 0.052837 0.046978
0 0.510738 0.355555 0.075351 0.063384
0 0.399995 0.332910 0.043879 0.041097
0 0.499065 0.352649 0.053601 0.056766
0 0.270932 0.324130 0.058079 0.049106
0 0.594161 0.400374 0.090862 0.078580
