3 0.449983 0.463933 0.270765 0.402799
0 0.076383 0.343411 0.105539 0.095437
0 0.908968 0.489512 0.134469 0.152148
0 0.837491 0.391999 0.090823 0.103324
0 0.048135 0.605991 0.096113 0.208869
0 0.975262 0.578093 0.048640 0.182086
0 0.809164 0.349526 0.072180 0.079628
0 0.121781 0.902933 0.242645 0.178450
0 0.529678 0.279929 0.075088 0.049706
2 0.337359 0.272961 0.201683 0.146257
0 0.021102 0.368238 0.041794 0.090418
0 0.985120 0.330195 0.028786 0.044591
0 0.284653 0.311244 0.079867 0.071126
0 0.979091 0.329484 0.041113 0.045556
