0 0.626832 0.752334 0.248198 0.256578
0 0.166888 0.399746 0.092346 0.073758
0 0.637164 0.489822 0.119631 0.114866
0 0.480932 0.375288 0.081200 0.062969
0 0.287311 0.397044 0.077704 0.071960
0 0.719534 0.425446 0.075937 0.084163
0 0.401579 0.378746 0.086159 0.071353
3 0.718718 0.426663 0.078170 0.084852
0 0.302777 0.354407 0.060778 0.057438
0 0.147400 0.345754 0.073565 0.045737
0 0.257339 0.363344 0.061266 0.059235
0 0.375438 0.342677 0.045464 0.044569
0 0.224305 0.336003 0.092440 0.059372
0 0.411903 0.385731 0.065649 0.057325
