0 0.330204 0.584929 0.188399 0.171869
0 0.194851 0.421973 0.093153 0.080178
0 0.127701 0.503913 0.133116 0.122465
0 0.790250 0.456427 0.086037 0.087032
0 0.075535 0.420138 0.106771 0.080774
0 0.876488 0.587267 0.145506 0.190361
0 0.208352 0.371882 0.075934 0.068608
0 0.512535 0.389765 0.069558 0.056678
0 0.345750 0.399200 0.079708 0.090529
0 0.833197 0.423763 0.056521 0.067643
0 0.419453 0.395079 0.062275 0.070157
0 0.465339 0.380018 0.044629 0.053706
0 0.307318 0.375584 0.071437 0.071445
0 0.566278 0.383565 0.031121 0.044403
