0 0.908404 0.742055 0.181770 0.267354
0 0.952158 0.399165 0.089417 0.105267
0 0.250665 0.305576 0.088443 0.069851
0 0.850621 0.489018 0.137771 0.155126
0 0.622582 0.712602 0.273443 0.276158
0 0.436107 0.272730 0.055745 0.052109
0 0.310114 0.282740 0.061979 0.059481
0 0.803772 0.314775 0.046399 0.059263
0 0.929314 0.325053 0.047246 0.048987
0 0.491785 0.269473 0.053358 0.054193
0 0.160745 0.237499 0.045269 0.051188
0 0.342789 0.240489 0.046173 0.040912
0 0.046763 0.247898 0.042526 0.085964
0 0.283672 0.277672 0.116133 0.071205
0 0.797496 0.424189 0.088004 0.097254
0 0.979682 0.355230 0.040002 0.080775
0 0.046333 0.228134 0.041700 0.045246
0 0.980777 0.335662 0.037278 0.045507
